[app/ui]
version = 8.2.6
modtime = 1652292444.943217000

[app/launcher]
version = 8.2.6
modtime = 1652292444.944733000
